0 1 8 21 24 26 28 33 38 960 1365 1763 1816 2570 2746 2753 2759 2891 3065 3069 3078 3101 3150 3222 3277 3399 3433 3435 3443 3476 3481 3482 3485 3492 3500 3512 3541 3547 3548 3603 3637 
1 21 55 56 65 68 69 73 78 80 82 85 86 87 91 97 98 99 104 106 107 111 112 120 122 127 134 137 139 141 154 157 280 503 1155 1209 1293 1318 1330 1474 1524 1757 1784 1911 1918 1946 2085 2211 2320 2367 2379 2389 2469 2476 2534 2570 2596 2738 2803 2861 2966 2983 3004 3069 3089 3144 3145 3153 3162 3193 3204 3206 3222 3253 3274 3315 3342 3419 3426 3433 3451 3482 3484 3485 3489 3509 3516 3526 3528 3532 3567 3598 3607 3610 3623 3624 3628 3638 
2 2 12 16 34 35 38 54 55 63 66 76 88 102 128 135 148 176 178 181 185 186 191 192 193 196 197 199 200 201 205 208 210 214 267 409 427 839 962 
3 12 15 68 79 210 212 213 215 217 218 625 1655 3482 3485 3623 
4 64 70 256 265 277 280 304 311 327 330 331 344 351 360 365 366 368 371 375 383 403 1561 1562 1734 1816 2142 2361 2379 2468 2570 2711 2809 2887 2889 3069 3132 3144 3210 3222 3253 3261 3267 3277 3351 3378 3386 3433 3449 3453 3461 3465 3482 3505 3509 3532 3533 3543 3558 3566 3575 3578 3584 3585 3588 3623 3627 3629 3635 3639 3642 3643 3649 3652 
5 24 51 55 106 261 364 386 390 392 395 399 401 404 412 415 424 427 998 1829 2600 2655 2659 2867 2966 2990 3006 3153 3222 3242 3261 3309 3433 3443 3473 3485 3490 3515 3557 3563 3571 3605 3635 
6 2 63 130 131 132 133 142 148 186 190 354 364 367 424 431 432 433 434 495 1002 
7 6 15 17 23 34 42 47 48 54 100 113 128 130 131 142 144 159 207 223 226 278 288 289 306 312 345 348 361 363 364 382 430 434 435 443 445 446 449 450 455 460 462 464 466 467 475 480 484 491 492 493 495 497 498 502 504 511 523 535 545 598 607 637 691 813 868 880 890 922 942 1122 1324 1640 2318 
8 16 66 102 231 263 273 280 322 433 465 518 526 528 529 530 534 542 544 548 550 1293 1358 1666 1746 1754 2278 2279 2571 2809 2852 3009 3132 3144 3202 3222 3275 3288 3309 3315 3386 3432 3441 3460 3464 3476 3482 3512 3515 3516 3582 3609 3623 3628 3635 3643 3648 3649 3653 
9 8 12 19 20 34 60 79 85 89 94 106 127 136 164 165 168 184 192 207 221 299 335 338 395 397 434 450 465 519 565 574 577 578 579 582 594 596 597 605 608 618 629 631 635 639 640 643 645 647 655 667 679 680 689 692 701 705 718 730 737 739 740 741 743 753 758 759 762 764 768 777 782 960 1107 1127 1244 1258 1290 1293 1450 1473 1474 1507 1514 1524 1535 1638 1680 1760 1763 1816 1847 2001 2062 2299 2389 2451 2476 2560 2570 2580 2647 2669 2697 2698 2730 2785 2790 2845 2852 2966 2982 2993 3017 3098 3132 3162 3187 3191 3202 3206 3207 3208 3215 3222 3226 3236 3253 3267 3275 3277 3293 3314 3319 3327 3339 3346 3351 3370 3371 3372 3386 3388 3390 3396 3411 3419 3433 3443 3446 3448 3457 3459 3460 3461 3465 3474 3475 3481 3482 3484 3485 3486 3487 3489 3492 3493 3501 3511 3512 3523 3526 3529 3532 3534 3556 3557 3571 3575 3576 3588 3593 3594 3598 3603 3604 3610 3612 3620 3624 3627 3635 3637 3638 3643 3646 3648 3649 3652 3653 
10 66 273 280 788 800 805 821 1240 1598 1700 2659 2849 3019 3069 3162 3204 3222 3291 3314 3344 3370 3372 3411 3443 3462 3475 3480 3485 3489 3490 3492 3502 3516 3532 3553 3556 3558 3578 3582 3586 3594 3598 3601 3605 3616 3620 3622 3623 3627 3628 3634 3635 3638 3642 3651 3653 
11 8 10 13 66 77 194 430 435 828 832 833 834 836 934 998 2398 3505 
12 12 14 17 25 27 47 48 54 55 61 63 67 74 79 102 106 124 125 130 131 132 133 135 137 138 141 142 143 148 151 155 160 164 165 167 168 173 174 182 184 186 192 193 194 195 200 221 259 260 270 367 384 447 549 556 608 612 614 668 669 679 681 741 744 745 749 750 755 838 839 842 843 845 846 849 851 853 855 856 857 1134 
13 92 1994 3132 3351 3433 3440 3459 3481 3500 3539 3623 3635 3642 
14 12 14 29 54 63 64 66 74 76 79 92 96 113 124 126 127 128 130 133 148 155 162 167 168 184 198 200 205 226 261 278 289 299 315 322 354 378 404 424 427 464 489 521 523 524 530 538 540 543 552 564 579 594 608 623 639 641 691 744 750 815 883 889 892 896 913 1920 1981 
15 15 25 48 200 248 391 441 697 877 933 1324 1583 
16 34 42 48 55 66 85 103 106 127 133 135 143 186 215 216 221 258 280 331 340 357 457 500 504 513 521 548 557 564 626 688 700 739 745 754 755 845 855 944 950 954 960 976 982 984 986 988 990 992 995 997 999 1000 1005 1009 1012 1014 1017 1230 1516 1524 1638 1639 1658 1816 1929 2213 2267 2270 2354 2469 2498 2544 2601 2632 2647 2650 2780 2787 2802 2803 2817 2849 2889 2966 2969 2983 3034 3109 3169 3170 3187 3202 3207 3208 3263 3314 3372 3373 3386 3402 3411 3420 3433 3473 3474 3475 3482 3484 3500 3501 3512 3524 3532 3533 3544 3560 3569 3575 3590 3593 3598 3605 3611 3613 3623 3625 3635 3638 3642 3643 3648 3649 3653 
17 3 4 7 10 12 21 25 27 30 35 37 38 42 47 52 54 63 78 79 81 88 92 103 112 113 115 124 125 130 136 137 140 143 144 145 146 148 152 155 164 165 166 168 171 178 184 186 191 192 193 200 208 209 210 212 213 216 217 218 234 237 243 248 259 260 263 267 270 273 290 301 322 364 366 376 384 388 424 439 448 477 486 495 499 535 549 550 569 579 585 590 591 593 594 608 612 620 623 625 628 636 643 650 656 659 671 679 681 697 709 740 742 750 751 753 754 755 768 774 805 806 808 825 839 843 849 850 866 897 902 910 912 915 969 983 1007 1018 1021 1024 1025 1026 1028 1029 1032 1033 1034 1038 1042 1043 1045 1046 1048 1049 1051 1054 1056 1060 1061 1066 1067 1069 1074 1076 1080 1084 1087 1088 1090 1091 1093 1097 1098 1099 1100 1104 1105 1106 1107 1147 1201 1244 1270 1283 1338 1339 2000 2232 
18 2 4 10 13 25 34 37 38 42 54 57 61 66 85 88 126 130 131 132 135 143 148 164 184 186 187 192 198 208 209 210 211 213 221 226 235 259 261 322 364 427 431 517 521 523 534 552 554 569 571 578 579 591 593 595 608 623 625 628 631 634 640 642 663 668 669 676 709 739 740 744 754 768 774 809 842 849 874 880 911 922 925 941 951 962 984 985 990 1003 1025 1026 1029 1061 1066 1113 1115 1121 1123 1125 1127 1128 1129 1132 1136 1142 1148 1150 1154 1156 1158 1159 1193 1282 1596 1636 1638 1686 1816 1913 2151 2198 2304 2474 2849 2970 2979 3069 3099 3131 3153 3222 3266 3274 3314 3351 3437 3440 3443 3487 3502 3503 3539 3553 3578 3588 3593 3598 3613 3627 3643 3644 3645 3649 
19 17 63 96 130 131 143 148 290 322 427 684 813 857 913 1162 1163 2870 3003 3027 3222 
20 2 49 63 115 200 205 216 221 234 259 342 838 911 
21 28 38 60 77 128 135 171 175 216 218 221 322 364 392 396 432 492 533 552 608 612 632 639 660 679 753 763 861 1019 1065 1086 1100 1164 1171 1173 1174 1175 1180 1182 1186 1187 1188 1193 1199 1215 1216 1266 1685 1737 1777 1825 1884 1911 1942 2084 2248 2271 2304 2464 2601 2754 2817 2849 2884 2936 2959 2966 2969 2993 3002 3024 3030 3069 3133 3134 3208 3219 3222 3231 3232 3256 3264 3273 3277 3288 3314 3320 3351 3372 3379 3390 3399 3402 3404 3411 3413 3417 3428 3433 3441 3443 3451 3453 3456 3460 3462 3465 3472 3475 3481 3482 3485 3487 3490 3495 3500 3501 3512 3528 3532 3533 3539 3542 3548 3553 3557 3560 3569 3571 3575 3578 3586 3592 3593 3595 3598 3601 3608 3613 3618 3622 3628 3633 3635 3638 3643 3644 3645 3648 
22 15 28 45 47 66 81 133 135 139 141 143 164 174 186 209 216 218 231 266 271 280 284 354 364 393 434 442 564 575 582 587 605 612 667 679 683 717 718 727 742 743 745 753 754 805 843 845 862 869 908 939 970 975 976 978 980 981 983 986 990 991 993 1006 1009 1010 1014 1037 1087 1135 1168 1173 1229 1240 1247 1248 1254 1258 1260 1262 1270 1272 1273 1279 1280 1284 1285 1286 1287 1289 1291 1293 1381 1516 1524 1543 1562 1628 1643 1816 1911 2011 2056 2193 2273 2300 2369 2610 2632 2662 2680 2695 2700 2731 2762 2784 2803 2849 2865 2889 2921 2924 2936 2966 2969 2977 3015 3017 3042 3098 3110 3132 3133 3162 3187 3219 3222 3225 3228 3253 3277 3278 3317 3321 3341 3351 3431 3433 3434 3449 3460 3461 3466 3475 3482 3491 3492 3499 3500 3517 3532 3533 3539 3541 3548 3557 3566 3569 3570 3575 3576 3582 3588 3593 3594 3598 3605 3622 3628 3635 3637 3638 3642 3643 3644 3648 3649 
23 28 60 71 106 136 137 184 268 280 390 392 396 608 621 631 632 669 804 808 1187 1248 1284 1293 1296 1297 1299 1303 1310 1311 1946 2367 2375 2659 2803 2840 2849 2891 2991 2995 3017 3063 3069 3145 3153 3222 3266 3283 3291 3314 3351 3370 3390 3399 3433 3465 3489 3500 3516 3539 3547 3551 3558 3575 3578 3582 3598 3623 3627 3629 3635 3650 
24 8 12 25 34 46 48 54 72 79 124 128 143 151 164 174 184 186 200 210 214 237 259 267 310 376 424 427 434 534 549 634 635 640 667 668 669 684 737 738 739 745 838 1002 1032 1115 1210 
25 16 28 30 54 79 80 88 89 101 135 164 184 198 199 205 212 216 282 353 364 367 394 396 412 414 428 450 491 608 631 655 666 679 680 724 737 743 752 798 808 836 886 960 981 1060 1063 1089 1095 1097 1100 1112 1135 1284 1290 1295 1297 1299 1317 1331 1336 1347 1354 1356 1365 1367 1388 1403 1409 1416 1422 1425 1427 1428 1430 1441 1514 1550 1561 1606 1692 1760 1780 1781 1816 1907 1946 1982 2045 2336 2353 2421 2451 2506 2560 2565 2697 2730 2794 2803 2817 2845 2849 2877 2885 2891 2902 2911 2936 2966 2978 2984 2990 2991 2993 3017 3050 3132 3140 3145 3153 3162 3199 3202 3208 3219 3222 3225 3253 3277 3299 3314 3319 3323 3342 3344 3351 3356 3367 3368 3372 3378 3388 3390 3405 3411 3417 3420 3429 3430 3433 3434 3440 3441 3443 3446 3448 3451 3453 3459 3460 3465 3475 3476 3479 3482 3483 3489 3492 3512 3520 3523 3524 3526 3528 3529 3532 3541 3544 3551 3553 3554 3556 3557 3560 3574 3575 3577 3578 3586 3588 3593 3594 3598 3601 3603 3608 3622 3623 3624 3627 3628 3635 3637 3641 3643 3644 3649 3652 
26 12 56 123 199 284 336 554 575 603 617 842 1169 1228 1234 1274 1293 1447 1454 1493 1562 1750 2299 2546 2636 3006 3078 3144 3210 3225 3277 3433 3434 3465 3493 3500 3520 3551 3578 3592 3607 3623 3628 3642 
27 85 92 120 122 135 168 178 216 231 378 486 568 580 596 727 757 758 798 908 954 1156 1168 1184 1187 1293 1304 1390 1456 1458 1465 1473 1561 1562 1677 1680 1750 1825 1930 2299 2365 2546 2570 2600 2669 2751 2753 2794 2821 2891 3041 3145 3196 3207 3222 3317 3395 3415 3417 3421 3433 3434 3443 3453 3459 3485 3493 3500 3501 3512 3521 3557 3575 3583 3607 3638 3643 
28 12 27 29 54 60 61 68 74 81 86 89 125 131 132 133 138 139 142 143 153 162 184 190 192 209 210 211 213 215 216 217 260 276 341 379 386 396 424 432 549 564 579 603 616 737 739 740 842 984 988 1006 1024 1025 1028 1248 1285 1466 1468 1470 1475 1479 1578 1726 1793 2408 2642 2644 2761 2819 2822 2956 3061 3283 3433 3481 3578 3588 3592 
29 18 25 90 148 214 325 385 406 466 701 731 804 956 1323 1482 1483 1485 1486 1511 2833 3103 3351 
30 55 123 135 141 168 181 186 237 390 401 558 560 604 605 647 689 712 727 743 745 808 1146 1234 1235 1264 1284 1293 1299 1318 1402 1414 1449 1478 1498 1499 1507 1511 1514 1516 1549 1562 1563 1682 1765 1781 1816 2299 2445 2632 2697 2790 2800 2891 2966 2995 3041 3060 3132 3144 3191 3199 3208 3222 3272 3288 3323 3390 3417 3429 3459 3475 3476 3482 3483 3519 3520 3566 3578 3582 3588 3592 3593 3609 3611 3649 3652 
31 66 133 385 798 1911 2202 3153 3222 3277 3433 3458 3480 3501 3532 3575 3578 3593 3598 3623 
32 1 12 16 26 28 39 60 66 71 83 84 87 97 98 99 103 112 118 128 131 136 139 142 146 182 183 184 188 199 207 213 217 221 258 280 321 364 386 405 412 422 431 432 435 486 492 502 534 540 596 603 608 616 624 625 663 700 727 736 740 760 782 798 805 846 862 960 970 972 974 977 980 988 1009 1026 1027 1045 1060 1090 1125 1128 1129 1139 1235 1277 1278 1284 1417 1430 1445 1496 1527 1538 1539 1542 1544 1549 1550 1554 1558 1562 1565 1569 1573 1574 1582 1628 1655 1716 1737 1746 1750 1927 1930 1957 1965 1986 2008 2063 2100 2149 2200 2221 2320 2328 2343 2367 2370 2391 2413 2470 2476 2482 2522 2534 2542 2565 2585 2688 2751 2753 2758 2759 2768 2810 2821 2862 2902 2936 2952 2982 3004 3019 3023 3036 3052 3085 3111 3132 3145 3162 3187 3190 3202 3208 3217 3222 3231 3233 3253 3268 3277 3293 3315 3318 3319 3333 3342 3344 3367 3378 3379 3392 3417 3431 3433 3434 3448 3453 3459 3465 3476 3482 3484 3485 3491 3492 3496 3499 3501 3515 3520 3533 3535 3541 3543 3544 3551 3553 3558 3560 3571 3575 3576 3578 3584 3588 3591 3592 3598 3605 3622 3628 3635 3638 3643 3646 
33 92 136 280 315 428 453 502 579 623 632 647 656 663 679 760 790 861 945 960 1089 1100 1128 1258 1290 1358 1499 1524 1591 1592 1784 1981 2050 2159 2183 2535 2582 2596 2632 2679 2730 2817 2991 3002 3085 3208 3222 3241 3272 3277 3288 3335 3344 3370 3398 3411 3415 3429 3433 3443 3446 3459 3465 3475 3482 3483 3484 3485 3490 3492 3493 3512 3519 3523 3524 3527 3532 3535 3548 3553 3571 3575 3578 3582 3588 3593 3594 3598 3616 3623 3624 3627 3635 3638 3639 3642 3652 3654 
34 19 65 94 147 150 213 217 241 275 310 386 390 412 532 586 596 608 625 707 773 782 803 936 1019 1045 1139 1290 1297 1380 1422 1430 1521 1530 1543 1600 1603 1617 1618 1619 1621 1623 1629 1632 1635 1642 1644 1745 1746 1814 2127 2227 2260 2320 2451 2476 2494 2522 2653 2662 2737 2790 2794 2803 2843 2889 2925 2948 2966 2967 3001 3012 3017 3059 3063 3071 3085 3132 3144 3145 3153 3154 3184 3204 3207 3208 3222 3231 3277 3309 3314 3321 3378 3383 3390 3391 3426 3433 3453 3465 3495 3512 3526 3532 3534 3542 3547 3551 3557 3569 3574 3584 3590 3598 3616 3623 3627 3637 3638 3642 
35 28 34 66 73 79 92 105 112 131 132 133 134 135 141 168 181 184 186 192 210 212 215 216 217 218 259 289 321 364 394 396 434 435 476 536 549 579 582 616 623 628 629 647 667 668 680 742 755 759 799 859 939 979 980 984 997 1006 1026 1082 1086 1100 1127 1146 1159 1169 1238 1248 1280 1283 1290 1293 1296 1297 1300 1303 1381 1465 1478 1499 1501 1509 1524 1529 1563 1624 1629 1635 1638 1640 1643 1652 1659 1662 1664 1665 1666 1668 1669 1671 1700 1722 1766 1780 2062 2091 2200 2203 2367 2369 2375 2467 2476 2498 2522 2570 2616 2643 2647 2659 2726 2730 2789 2794 2817 2849 2850 2874 2889 2891 2920 2936 2966 2969 2984 2993 3039 3069 3085 3093 3095 3138 3144 3175 3196 3202 3222 3267 3270 3271 3274 3344 3358 3370 3386 3388 3390 3395 3402 3414 3419 3432 3433 3448 3449 3453 3456 3465 3476 3481 3482 3484 3485 3487 3489 3491 3500 3501 3502 3512 3517 3528 3532 3541 3547 3555 3558 3566 3569 3571 3578 3593 3595 3598 3603 3610 3624 3627 3633 3634 3635 3637 3643 3645 3648 3650 3652 
36 55 128 208 364 386 392 399 412 426 428 732 734 803 1068 1082 1491 1492 1517 2249 2442 2570 2810 2966 3145 3153 3162 3222 3265 3415 3460 3479 3481 3482 3487 3512 3539 3563 3582 3643 3644 
37 2 5 43 47 48 63 77 115 124 126 148 175 186 197 205 237 310 338 404 409 412 434 458 465 473 514 520 535 557 598 607 759 786 803 864 897 1115 1133 1134 1201 1241 1341 1349 1362 1599 1802 
38 34 48 63 82 124 141 164 186 221 226 231 237 248 424 530 644 838 873 903 950 1062 1148 
39 10 13 14 25 27 54 63 82 124 126 155 184 186 192 200 211 214 215 221 259 271 386 464 515 522 552 608 612 656 667 668 669 679 731 737 739 741 745 755 769 834 842 846 849 851 855 1262 1275 1335 1393 1468 1469 1523 1662 1679 1688 1690 1694 
40 33 75 346 408 850 1754 3222 3433 3543 3557 3602 3605 3623 
41 2 12 28 38 55 66 79 85 92 106 133 135 164 184 189 192 198 199 205 207 210 212 216 218 221 229 258 289 354 364 392 396 549 575 579 588 601 616 619 623 626 631 634 635 643 663 668 694 717 737 743 744 745 753 808 843 857 866 869 908 976 977 980 981 984 990 1003 1014 1027 1033 1037 1100 1115 1169 1180 1188 1209 1252 1285 1293 1298 1299 1303 1311 1477 1543 1655 1704 1706 1707 1708 1716 1780 1790 1946 2046 2062 2211 2249 2610 2646 2659 2751 2777 2789 2790 2804 2850 2884 2914 2972 3015 3042 3046 3063 3132 3133 3149 3222 3305 3326 3327 3351 3370 3378 3389 3390 3399 3421 3433 3434 3441 3443 3449 3453 3460 3462 3465 3469 3474 3475 3476 3485 3487 3492 3501 3505 3529 3532 3541 3569 3575 3576 3582 3584 3592 3593 3594 3598 3620 3625 3635 3638 3643 3646 3648 
42 16 29 34 38 63 124 126 245 252 254 259 520 523 873 883 
43 12 28 38 39 85 131 133 136 145 184 186 192 199 211 221 245 259 260 411 554 612 631 635 636 638 639 664 673 679 743 748 754 989 1150 1159 1168 1209 1277 1313 1497 1638 1681 1722 1728 1768 1814 1816 1883 1884 1953 2413 2449 2570 2583 2600 2632 2647 2659 2719 2753 2759 2821 2833 2898 2914 2966 2969 2973 2990 3044 3076 3102 3132 3153 3175 3183 3187 3222 3231 3272 3277 3324 3334 3367 3370 3372 3378 3390 3397 3400 3426 3433 3440 3451 3453 3465 3469 3472 3482 3490 3524 3528 3556 3558 3569 3572 3575 3578 3582 3592 3593 3600 3603 3610 3627 3638 3640 3643 3644 3645 3648 3651 
44 2 106 186 202 310 338 390 395 412 491 494 582 596 638 645 647 680 692 704 705 858 1079 1095 1105 1156 1226 1237 1260 1277 1297 1345 1356 1412 1415 1441 1465 1482 1499 1519 1562 1563 1579 1590 1623 1638 1655 1680 1737 1743 1744 1748 1749 1751 1754 1757 1758 1760 1764 1766 1777 1782 1795 1796 1893 2009 2029 2197 2249 2278 2311 2320 2359 2377 2379 2380 2392 2451 2587 2600 2669 2717 2726 2803 2809 2817 2829 2884 2908 2980 2981 2982 3011 3017 3019 3052 3067 3132 3145 3162 3189 3191 3202 3207 3208 3222 3225 3229 3258 3261 3265 3309 3317 3352 3368 3378 3390 3393 3400 3411 3433 3443 3445 3446 3456 3473 3479 3482 3487 3489 3511 3523 3524 3526 3528 3540 3553 3557 3578 3586 3588 3590 3593 3607 3620 3623 3643 3648 3651 3652 3653 
45 164 317 862 922 1134 1214 1685 1728 1800 1805 1813 1814 1815 1816 2276 2578 2810 2898 3108 3133 3208 3364 3372 3378 3433 3443 3473 3490 3558 3560 3582 3611 3638 3642 
46 8 94 301 313 396 456 788 1639 2983 3288 3301 3433 3434 3500 3586 3619 3627 3635 
47 2 8 10 12 26 28 34 38 42 65 67 75 79 82 85 86 89 94 106 111 112 113 116 128 131 132 133 137 143 151 181 184 186 197 198 201 205 207 210 213 218 237 259 261 299 310 354 376 388 392 393 396 408 424 453 518 520 540 543 550 554 556 558 564 578 610 620 621 624 631 634 635 639 647 655 656 663 667 668 679 713 721 728 739 740 747 749 761 762 775 808 842 843 849 857 861 924 947 980 1003 1027 1028 1063 1064 1068 1076 1082 1112 1113 1115 1135 1164 1169 1188 1189 1241 1260 1294 1296 1456 1468 1469 1503 1606 1661 1671 1705 1708 1766 1768 1776 1816 1818 1822 1831 1836 1838 1841 1849 1850 1854 1860 1911 2003 2008 2011 2026 2074 2181 2239 2257 2292 2302 2330 2384 2428 2445 2469 2488 2652 2746 2754 2784 2789 2803 2849 2889 2891 2914 2936 2942 2945 2958 2963 2966 2972 2982 2993 3002 3004 3050 3058 3098 3119 3132 3138 3145 3153 3169 3174 3187 3195 3202 3208 3222 3225 3228 3229 3271 3272 3277 3314 3319 3344 3351 3367 3386 3388 3390 3395 3399 3405 3411 3417 3430 3433 3434 3440 3443 3446 3448 3453 3462 3464 3465 3475 3476 3479 3485 3487 3489 3495 3512 3516 3519 3520 3521 3524 3531 3532 3533 3541 3542 3551 3557 3568 3573 3575 3578 3584 3588 3592 3593 3594 3598 3603 3604 3610 3613 3616 3627 3630 3635 3637 3642 3643 3644 3646 3648 3651 3653 3654 
48 10 15 31 42 44 47 49 50 51 52 79 87 96 131 132 133 140 141 144 145 146 147 155 164 171 178 186 190 195 200 208 213 260 306 341 352 384 409 438 511 513 522 526 528 549 569 608 739 742 755 770 807 836 857 877 885 952 969 981 1002 1010 1168 1222 1264 1307 1793 1843 1871 2224 2441 2442 2686 3292 3351 3398 
49 135 174 426 427 514 704 755 1640 1829 1855 2062 2867 3162 3222 3314 3351 3361 3433 3443 3481 3483 3490 3520 3575 3582 3625 3627 3628 
50 34 231 695 945 1242 1293 1520 1760 1880 2328 2600 3084 3132 3144 3186 3222 3253 3424 3446 3462 3482 3493 3512 3524 3540 3574 3642 3643 
51 0 12 14 17 63 66 74 124 126 130 131 135 141 144 148 154 157 164 185 186 190 200 210 223 267 354 355 434 535 709 769 861 892 913 1087 1270 1320 1349 1650 1874 
52 2 12 15 20 21 26 28 45 46 55 89 92 112 113 133 134 135 139 141 143 146 147 164 179 186 209 211 212 215 218 221 245 315 317 321 336 346 357 370 379 390 392 393 410 411 412 434 461 476 482 492 513 540 569 575 579 590 608 612 615 616 620 622 626 630 634 643 644 647 648 660 667 668 674 684 688 709 740 743 745 753 772 776 788 791 793 808 815 838 843 861 878 892 923 947 960 962 971 980 993 1005 1009 1033 1037 1041 1042 1045 1065 1087 1089 1094 1125 1135 1142 1159 1169 1173 1174 1180 1212 1214 1215 1229 1250 1262 1263 1272 1277 1280 1296 1311 1329 1335 1365 1376 1387 1401 1430 1439 1450 1456 1474 1539 1549 1554 1562 1579 1582 1642 1650 1665 1687 1701 1702 1722 1737 1754 1814 1816 1825 1884 1887 1894 1897 1900 1904 1911 1922 1925 1926 1932 1935 1940 1953 1957 1958 1965 1968 1972 1979 1990 2003 2083 2084 2100 2144 2213 2296 2367 2369 2370 2424 2444 2447 2476 2498 2500 2522 2542 2568 2622 2647 2671 2683 2720 2723 2787 2795 2840 2849 2889 2925 2936 2982 3004 3006 3029 3038 3041 3048 3060 3078 3084 3086 3089 3119 3124 3125 3130 3132 3133 3144 3145 3169 3187 3191 3202 3203 3207 3208 3219 3222 3228 3232 3235 3241 3253 3257 3259 3266 3267 3272 3277 3279 3282 3288 3291 3314 3335 3349 3351 3357 3358 3367 3371 3372 3377 3380 3392 3411 3415 3417 3419 3421 3432 3433 3434 3440 3446 3451 3453 3459 3460 3465 3475 3482 3483 3484 3485 3487 3489 3492 3495 3499 3500 3501 3505 3512 3515 3520 3524 3531 3539 3542 3543 3549 3553 3557 3558 3560 3568 3569 3570 3573 3575 3578 3580 3581 3582 3583 3588 3589 3592 3593 3594 3598 3601 3604 3608 3610 3612 3616 3620 3627 3629 3630 3634 3635 3638 3642 3643 3644 3648 3651 3652 
53 34 390 553 596 605 976 1156 1235 1260 1414 1569 1763 1768 1968 1997 2090 2790 2966 3091 3094 3208 3288 3395 3434 3453 3475 3509 3515 3567 3642 3653 
54 66 132 504 1031 2546 2572 2763 2836 3108 3115 3208 3222 3411 3414 3419 3481 3493 3516 3575 3629 
55 94 310 319 432 540 889 1044 1562 1816 1961 2392 2625 2711 2731 2762 2936 3009 3094 3132 3199 3281 3284 3351 3396 3413 3417 3426 3445 3461 3462 3500 3508 3516 3526 3540 3541 3558 3575 3582 3607 3610 3623 3629 3643 3651 3653 
56 8 11 35 54 60 63 79 96 135 148 156 174 219 227 243 252 263 264 322 339 341 378 424 427 431 441 522 523 530 673 677 731 781 907 950 1000 1097 1128 1517 1674 1732 1826 1879 2005 
57 8 12 15 16 17 43 55 60 64 66 79 85 88 91 92 103 106 112 127 130 131 133 135 136 141 143 168 171 174 182 192 196 199 201 205 207 211 213 215 216 218 221 245 258 289 315 364 386 393 434 451 454 485 512 520 540 557 564 566 575 577 579 594 608 622 626 631 634 643 667 668 679 694 697 709 717 739 740 743 753 754 755 808 854 856 857 862 869 908 944 945 947 972 984 986 990 991 992 999 1000 1006 1024 1042 1059 1065 1066 1067 1082 1098 1125 1127 1161 1187 1247 1258 1260 1262 1285 1288 1289 1298 1299 1300 1344 1380 1409 1450 1458 1469 1471 1474 1491 1499 1508 1524 1530 1543 1554 1572 1586 1629 1635 1643 1706 1707 1708 1737 1743 1814 1816 1911 1949 1957 2007 2008 2009 2062 2084 2299 2382 2405 2413 2420 2521 2570 2652 2659 2675 2727 2730 2754 2758 2766 2780 2785 2789 2817 2825 2840 2849 2891 2914 2934 2936 2966 2972 2979 2990 2993 3004 3018 3042 3063 3067 3083 3118 3154 3160 3183 3185 3187 3196 3202 3205 3219 3222 3253 3267 3271 3272 3277 3278 3296 3314 3323 3327 3342 3351 3358 3362 3371 3374 3386 3392 3404 3431 3432 3433 3441 3443 3448 3451 3453 3456 3459 3460 3461 3465 3482 3485 3487 3489 3492 3495 3500 3501 3512 3520 3523 3524 3541 3557 3567 3569 3575 3576 3577 3581 3582 3586 3588 3595 3598 3600 3601 3603 3610 3620 3628 3633 3635 3637 3638 3643 3644 3648 3652 
58 20 59 60 70 75 85 94 120 122 123 128 186 338 346 351 364 386 390 395 405 475 557 558 578 596 631 713 758 832 859 908 1044 1045 1093 1097 1101 1107 1156 1297 1345 1410 1465 1642 1695 1758 2037 2041 2070 2317 2320 2430 2470 2516 2562 2669 2730 2753 2817 2820 2966 2982 3029 3063 3074 3085 3089 3102 3144 3154 3208 3222 3235 3243 3277 3291 3301 3305 3314 3315 3317 3333 3364 3370 3395 3411 3419 3421 3427 3433 3443 3448 3453 3458 3460 3482 3485 3487 3492 3505 3514 3539 3544 3547 3557 3560 3568 3578 3582 3586 3588 3592 3593 3594 3598 3600 3622 3623 3629 3630 3639 
59 137 158 455 549 668 747 839 901 918 1059 1169 1364 1740 2046 2070 2884 2936 3002 3132 3351 3429 3482 3495 3533 3590 3592 3601 3623 3637 3643 3651 3652 
60 14 17 25 48 63 66 79 96 131 135 186 221 261 341 425 522 523 530 831 916 1054 1148 1818 1881 2052 2053 
61 20 21 28 52 66 68 71 87 92 112 127 132 135 136 141 157 178 181 183 184 198 215 216 246 280 301 346 354 364 386 390 394 412 432 435 442 450 474 492 495 577 578 579 590 605 631 632 635 649 692 737 739 743 773 798 808 832 842 857 859 868 876 893 899 944 945 947 960 984 1024 1026 1029 1049 1060 1076 1093 1094 1097 1155 1156 1158 1184 1200 1201 1209 1248 1284 1285 1296 1297 1303 1311 1319 1340 1345 1347 1410 1414 1417 1422 1430 1445 1477 1496 1504 1524 1525 1546 1549 1563 1572 1575 1582 1605 1638 1642 1655 1722 1723 1737 1772 1779 1816 1835 1847 1868 1896 1911 1920 1963 1980 1982 2005 2036 2037 2058 2061 2065 2067 2074 2078 2085 2087 2089 2092 2099 2100 2115 2120 2122 2228 2236 2239 2305 2311 2375 2430 2445 2451 2470 2476 2498 2537 2602 2632 2647 2653 2654 2662 2669 2675 2698 2737 2751 2794 2819 2837 2840 2849 2861 2867 2876 2881 2901 2902 2905 2964 2972 2982 2991 2995 3000 3001 3003 3004 3011 3041 3083 3085 3148 3149 3162 3168 3174 3202 3208 3222 3233 3266 3277 3282 3283 3293 3298 3314 3319 3321 3323 3333 3342 3346 3352 3357 3368 3378 3379 3388 3407 3411 3414 3419 3426 3433 3434 3446 3449 3453 3462 3475 3476 3478 3481 3482 3484 3487 3489 3492 3500 3501 3505 3512 3515 3516 3520 3523 3526 3529 3531 3532 3536 3543 3547 3549 3551 3558 3574 3575 3578 3583 3586 3592 3593 3594 3610 3623 3625 3627 3635 3638 3640 3643 3645 3654 
62 25 34 60 63 66 94 135 143 148 164 186 211 237 243 245 252 267 310 354 386 393 441 447 465 489 495 534 615 790 860 1147 1356 1391 1920 2126 2132 
63 17 54 63 66 76 124 192 214 243 260 267 348 465 522 1121 1719 
64 2 3 7 12 14 23 25 30 34 47 55 63 71 76 79 88 89 112 124 126 128 131 134 135 137 141 148 151 152 157 173 175 176 184 186 191 200 205 215 218 223 259 341 364 397 424 427 434 447 473 474 517 519 535 545 549 579 585 596 608 631 640 671 731 739 769 804 808 892 1003 1051 1064 1065 1291 1320 1596 1662 1687 1719 1724 
65 12 25 63 71 74 79 80 88 96 126 148 155 195 378 424 468 552 556 677 865 891 
66 65 94 98 107 135 220 301 390 435 574 1045 1235 1296 1299 1430 1559 1569 1611 2141 2211 2476 2659 2738 2797 3029 3041 3052 3089 3145 3147 3162 3222 3257 3342 3433 3434 3485 3487 3490 3492 3501 3509 3532 3629 3635 3651 3653 
67 8 92 168 198 465 761 1156 1293 1636 1760 2090 2320 2659 2695 2788 2790 2867 2881 2891 2982 3036 3108 3132 3162 3195 3373 3386 3390 3433 3443 3445 3475 3487 3547 3578 3582 3588 3590 3623 3627 3630 3637 3642 3643 
68 70 269 337 451 455 471 472 1096 1561 1613 1958 1965 2148 2149 2249 2270 2491 2498 2714 2887 2982 2990 3125 3129 3202 3266 3291 3370 3386 3416 3433 3439 3520 3526 3560 3573 3575 3582 3583 3585 3616 3623 3652 3653 
69 17 34 63 66 82 124 131 197 219 231 237 238 252 278 424 482 489 521 523 777 866 873 
70 7 63 124 135 148 200 234 243 267 474 522 534 669 744 776 872 873 1002 1194 1887 
71 123 186 310 465 798 1031 1052 1264 2058 2570 2654 2840 2876 2948 2949 2966 3222 3420 3433 3484 3529 3559 3578 3623 3627 3643 3652 3653 
72 2 14 15 16 24 32 38 47 54 57 58 63 71 76 79 90 92 115 117 124 130 131 147 148 151 155 163 164 165 168 171 174 177 182 184 186 190 191 192 199 200 205 206 207 209 218 228 233 260 301 306 341 348 352 364 370 376 377 385 427 429 431 433 434 447 465 468 477 481 496 519 535 569 579 580 588 590 615 621 623 634 635 640 643 647 651 667 669 679 683 697 698 705 708 709 714 722 724 725 737 739 740 741 742 753 755 768 805 808 812 813 831 834 839 848 856 861 864 875 884 891 893 897 902 909 913 946 951 1010 1029 1034 1035 1036 1038 1042 1054 1057 1084 1115 1173 1177 1180 1199 1203 1212 1261 1264 1378 1391 1397 1399 1461 1554 1709 1711 1803 1862 1907 1914 2159 2167 
73 66 201 280 858 960 1217 1235 1277 1569 2041 2219 2442 2730 2790 3009 3057 3144 3189 3379 3395 3433 3443 3459 3533 3594 3610 3623 3628 3642 3653 
74 4 25 44 45 47 48 74 79 88 115 140 164 165 186 197 200 253 267 318 332 348 391 409 447 454 542 543 549 554 591 608 645 681 706 728 750 768 774 812 838 864 865 931 1018 1054 1070 1073 1075 1079 1080 1099 1147 1172 1180 1303 1338 1341 1399 1520 1687 1788 1842 1853 1862 1945 2138 2173 2174 2175 2176 2185 2186 2190 2191 2201 
75 63 263 271 280 314 322 427 451 454 528 530 632 777 787 921 950 1232 1374 1474 1746 1817 1819 1852 2104 2203 2206 2299 2570 2753 2794 2803 2990 3225 3368 3395 3433 3453 3460 3475 3482 3505 3529 3532 3539 3557 3575 3576 3602 3622 3635 3643 3653 
76 7 25 63 124 130 135 136 200 223 231 243 252 424 514 527 644 795 804 942 1640 
77 90 123 125 289 378 465 479 813 1026 1062 1096 1176 1209 1293 1598 1606 1645 1680 1780 1812 1988 2037 2142 2212 2213 2214 2260 2451 2587 2753 2795 2800 2828 2867 2878 2920 2982 2990 3052 3067 3089 3129 3132 3215 3222 3228 3261 3351 3378 3390 3433 3443 3460 3482 3485 3495 3512 3523 3529 3532 3540 3566 3575 3577 3581 3584 3586 3592 3593 3598 3605 3623 3625 3628 3637 3643 3653 
78 2 63 64 92 169 205 254 261 295 325 376 458 521 1015 1486 1520 1698 1829 1879 2222 3642 
79 14 29 34 47 48 49 66 74 76 79 82 126 129 130 158 164 254 424 535 543 549 552 586 897 2134 
80 198 199 212 267 270 386 405 435 561 596 682 836 972 1356 1458 1478 1573 1587 1638 1894 2223 2226 2235 2311 2417 2470 2598 2654 2668 2759 2802 2832 3006 3222 3225 3395 3433 3434 3451 3482 3485 3520 3533 3557 3558 3560 3623 3635 3638 
81 2 14 35 38 66 74 88 141 159 263 280 364 432 434 447 492 538 598 778 1004 1277 1659 1725 1825 1826 1834 1915 1986 2070 2286 2431 2585 2803 3038 3039 3061 3169 3239 3277 3314 3390 3429 3433 3467 3484 3495 3512 3532 3553 3582 3594 3595 3598 3604 3616 3635 3641 3643 3654 
82 2 12 25 34 48 79 156 176 200 221 244 245 247 250 253 391 392 476 482 489 522 529 534 550 603 612 621 638 639 653 662 679 681 688 754 755 757 843 871 877 880 883 933 1099 1155 1226 1257 1395 1520 1623 1840 1940 2039 2191 
83 12 38 54 63 66 79 124 131 132 164 184 200 214 216 237 569 608 740 834 1256 2230 
84 2 14 25 48 66 76 85 128 129 131 163 164 223 226 436 521 554 564 574 1024 1612 2235 
85 2 3 12 17 25 63 66 76 82 135 164 186 194 200 237 337 342 399 447 523 549 584 681 698 752 1445 
86 38 131 210 218 290 1201 1781 2993 3071 3208 3222 3253 3314 3370 3389 3411 3419 3433 3469 3481 3485 3489 3528 3532 3547 3551 3558 3566 3582 3593 3598 3605 3628 3648 3654 
87 21 60 65 71 80 92 121 199 385 435 533 954 1187 1293 1299 1303 1479 2183 2391 2469 2548 2747 2885 3111 3153 3222 3277 3342 3368 3395 3417 3419 3433 3460 3472 3500 3523 3558 3560 3572 3574 3578 3582 3584 3594 3610 3623 3627 3629 3635 
88 16 35 82 213 438 459 678 1819 2299 2469 2652 3181 3351 3541 3557 3578 
89 34 35 36 46 47 94 126 148 164 167 178 186 190 194 226 234 253 260 271 273 302 335 354 382 418 430 455 538 550 570 615 641 651 670 678 803 809 829 865 866 888 910 930 954 1032 1033 1056 1113 1148 1199 1227 1267 1272 1391 1679 1685 1959 2062 2135 2164 2166 2172 2254 2257 2318 2411 2514 2595 3351 3433 3448 3462 3560 3611 
90 73 74 82 124 141 198 199 435 584 695 727 957 1083 1293 1635 1763 1771 1997 2159 2259 2445 2548 2788 2891 3187 3208 3222 3274 3344 3351 3395 3433 3453 3493 3578 3649 
91 2 3 12 14 16 17 20 24 25 26 28 29 32 35 36 37 47 48 49 51 54 57 61 63 74 76 79 82 85 88 89 92 102 115 124 126 128 131 137 141 143 144 148 155 160 163 169 173 175 184 186 188 194 197 200 208 209 210 214 216 219 220 221 229 231 234 235 237 238 259 260 263 267 273 310 339 341 348 354 388 392 397 411 412 419 424 427 431 436 465 476 483 514 520 521 523 534 535 543 552 554 556 557 566 583 586 608 620 621 626 635 639 650 663 667 669 679 681 697 714 728 738 740 743 747 751 766 770 786 790 805 812 817 834 849 851 861 864 866 873 892 897 938 951 962 968 990 1026 1051 1054 1064 1066 1067 1080 1089 1099 1148 1150 1174 1188 1190 1223 1274 1307 1338 1356 1421 1457 1471 1517 1530 1596 1640 1818 1881 1958 2015 2051 2052 2181 2184 2229 2263 2266 2463 
92 1 2 8 12 14 24 25 32 38 43 46 48 54 58 61 63 74 79 89 112 124 126 130 131 132 133 137 141 142 143 144 150 151 152 154 155 160 164 165 173 174 184 186 192 194 196 197 200 210 212 214 215 218 221 259 260 267 339 348 352 354 364 376 409 424 433 439 511 519 522 523 534 538 569 575 594 608 609 612 614 621 628 639 640 643 652 656 669 679 681 697 709 722 744 745 750 753 754 755 854 856 887 892 901 902 904 943 980 1003 1014 1026 1029 1033 1034 1038 1043 1046 1051 1056 1066 1109 1110 1116 1172 1180 1212 1221 1222 1272 1288 1290 1344 1469 1650 1711 1845 1846 1862 1940 2226 2281 2282 
93 16 187 378 1128 1215 1372 2287 3187 3229 3331 3433 3434 3489 3490 3567 3643 
94 66 79 133 186 280 301 314 364 465 727 968 1209 1293 1562 1780 1809 1944 2413 2753 2887 3019 3096 3132 3153 3202 3221 3222 3232 3267 3351 3386 3430 3451 3460 3461 3472 3482 3578 3595 3598 3605 3623 3635 3643 3652 
95 2 7 8 10 12 14 24 34 38 55 60 66 69 76 79 88 89 96 102 126 128 132 199 218 263 322 432 445 464 465 565 620 750 778 911 1044 1059 1076 1100 1162 1530 1685 1824 2076 2093 2183 2498 2580 2738 3013 3078 3222 3411 3459 3481 3508 3512 3516 3532 3603 3635 3637 
96 120 122 128 150 182 198 578 588 624 758 773 832 955 977 1061 1137 1156 1234 1430 1473 1489 1496 1544 1569 1618 1620 1623 1677 1763 1986 2037 2240 2290 2292 2293 2426 2476 2557 2570 2669 2731 2790 2797 2845 2993 3006 3145 3207 3241 3277 3309 3317 3342 3409 3419 3433 3434 3482 3484 3485 3487 3491 3493 3495 3501 3533 3557 3567 3592 3593 3594 3605 3611 3619 3623 3628 3642 3646 
97 55 66 704 745 1230 1237 1479 2867 3351 3411 3415 3459 3532 3533 3541 3607 
98 1 10 12 13 17 25 29 34 38 43 47 48 54 60 63 66 74 76 82 88 92 113 126 128 130 148 174 198 223 231 237 260 264 271 289 309 318 322 325 399 424 441 448 507 516 517 534 549 552 565 591 608 613 624 677 726 765 781 873 896 910 952 1109 1150 1246 1297 1298 1640 1719 1818 1862 2006 2051 2057 2263 2273 
99 12 14 17 25 48 61 63 64 66 79 89 124 128 131 138 141 148 164 184 186 192 193 200 201 260 270 396 397 425 517 608 634 640 667 740 744 770 984 1055 1056 1320 1393 1850 
100 12 25 54 55 63 76 79 89 130 131 133 135 137 138 141 144 152 154 155 157 164 167 174 186 196 200 204 213 216 219 234 243 254 260 289 352 396 424 477 522 523 549 562 579 603 607 623 640 667 668 669 684 737 739 742 856 904 976 1002 1033 1038 1046 1057 1064 1109 1110 1113 1151 1177 1291 1650 1688 1719 1855 2079 2309 
101 2 7 10 12 15 40 46 48 68 82 121 153 176 200 243 248 254 256 259 291 314 342 352 364 425 435 482 493 521 522 530 560 564 584 585 636 707 879 880 910 927 933 935 951 954 968 1020 1025 1049 1060 1110 1173 1238 1457 1463 1479 1514 1570 1610 1624 1719 1723 2047 2049 2134 2312 2316 2756 2916 3283 
102 2 25 35 63 124 130 131 133 135 144 146 148 151 152 154 155 160 162 166 168 173 175 186 190 195 200 243 253 289 306 378 424 429 434 436 441 462 543 549 614 615 623 667 668 669 709 714 745 747 812 838 864 892 897 901 1033 1056 1203 1650 1661 1849 1850 
103 10 63 130 131 200 227 534 552 770 777 880 933 1165 1583 1607 1862 1888 2475 
104 12 15 27 55 74 79 80 86 96 112 130 132 135 139 140 145 184 192 200 201 209 210 212 217 352 354 428 432 433 435 439 530 552 575 593 631 694 739 750 980 1024 1110 1173 1248 1469 1719 1859 
105 26 92 94 106 123 338 364 390 393 605 1169 1318 1621 1821 2159 2451 2669 2867 2889 2966 2982 3067 3153 3222 3361 3370 3390 3433 3453 3483 3484 3571 3578 3582 3623 3629 3643 
106 20 65 66 68 71 87 150 213 215 220 267 393 433 435 453 471 518 566 577 603 758 960 972 977 1024 1097 1110 1176 1245 1304 1449 1475 1489 1506 1530 1566 1569 1611 1771 1797 2037 2098 2141 2292 2324 2326 2328 2470 2498 2598 2610 2668 2731 2825 2905 3010 3085 3145 3149 3189 3208 3222 3253 3277 3313 3340 3342 3369 3395 3434 3449 3451 3475 3482 3486 3487 3500 3526 3529 3533 3558 3566 3571 3575 3623 3627 3628 3640 3645 3652 
107 66 135 277 557 745 1243 1388 1465 1855 2330 2331 2659 2743 2803 3009 3200 3222 3368 3411 3433 3434 3444 3481 3520 3605 3609 3624 3638 
108 12 20 25 39 79 136 181 192 201 207 262 396 514 554 558 565 584 586 596 640 679 762 1028 1506 1623 1677 1760 1763 2170 2192 2260 2392 2527 2647 2837 3017 3222 3314 3413 3417 3433 3443 3453 3459 3489 3493 3534 3557 3566 3575 3578 3583 3589 3635 3637 3643 3644 
109 14 61 88 96 112 113 126 148 164 168 174 260 267 342 382 427 428 499 522 526 530 542 623 630 834 873 910 917 941 950 962 1002 1193 1245 1465 1709 3328 3546 
110 66 432 542 550 858 1094 1169 2067 2074 2239 2335 2392 2747 2803 2852 2916 2982 3089 3139 3202 3351 3429 3433 3460 3482 3512 3523 3540 3578 3582 3595 3600 3623 3653 
111 34 636 1127 1562 2097 2211 2219 2570 2625 2662 2746 2936 2991 3078 3102 3184 3222 3253 3315 3351 3411 3474 3476 3511 3512 3534 3578 3610 3623 3625 3628 3630 3637 3643 
112 14 25 42 54 61 63 66 74 128 131 143 145 155 158 176 186 200 210 267 309 352 424 425 436 441 516 522 523 524 549 552 667 668 683 866 913 933 1054 1179 1640 1719 2005 2055 2129 
113 22 25 30 37 39 47 48 51 79 208 219 289 554 557 591 613 636 646 681 728 749 774 789 804 933 1018 1073 1099 1304 1312 1343 1356 1485 1578 2046 2191 2340 2976 3014 3319 3521 3578 3627 
114 35 174 235 320 514 557 745 755 798 866 950 1215 1492 1520 1936 2055 2638 2817 3060 3314 3417 3429 3434 3572 3577 3638 
115 12 14 25 48 63 74 79 88 124 126 128 131 164 167 216 218 219 220 223 245 252 259 264 348 392 427 523 538 543 550 552 579 586 593 612 626 632 639 653 754 755 873 941 943 968 1137 1173 1881 2035 2556 
116 2 8 12 17 21 22 24 25 28 34 38 55 57 68 74 79 85 92 96 112 131 133 135 139 152 164 178 185 186 187 192 199 201 208 215 217 221 232 251 259 364 367 376 378 379 392 397 411 412 427 451 476 511 514 536 538 550 553 554 557 564 569 575 579 590 608 616 620 626 627 628 629 632 639 641 643 647 650 667 679 680 694 709 717 737 740 744 745 753 754 755 768 769 774 790 798 835 840 843 854 866 869 878 894 935 943 947 948 969 984 985 990 992 993 995 999 1006 1007 1009 1021 1024 1029 1030 1037 1040 1047 1065 1112 1132 1135 1137 1139 1168 1180 1189 1215 1252 1262 1278 1294 1298 1300 1319 1389 1458 1477 1492 1508 1513 1530 1539 1571 1627 1650 1661 1667 1669 1687 1707 1745 1780 1797 1808 1838 1860 1868 1910 1930 1940 1979 2011 2015 2048 2051 2055 2173 2184 2231 2267 2319 2343 2344 2345 2348 2371 2382 2398 2415 2498 2600 2672 2761 2803 2804 2808 2840 2849 2850 2874 2875 2898 2933 2941 2952 2969 2993 3002 3031 3060 3062 3069 3084 3131 3145 3152 3196 3202 3204 3205 3208 3219 3225 3228 3253 3277 3302 3314 3322 3334 3344 3347 3348 3351 3358 3362 3378 3390 3405 3411 3417 3422 3433 3441 3443 3448 3453 3460 3461 3468 3469 3473 3474 3476 3481 3482 3483 3484 3485 3487 3490 3491 3492 3517 3519 3520 3521 3540 3542 3543 3549 3553 3557 3560 3569 3570 3572 3573 3574 3575 3580 3582 3594 3598 3601 3607 3608 3612 3613 3616 3619 3627 3631 3635 3642 3643 3644 3645 3648 3652 3654 
117 12 25 28 30 34 38 55 56 73 86 92 106 112 133 137 139 141 146 157 174 184 186 190 192 198 199 201 205 213 215 216 221 259 385 396 397 432 447 520 564 575 579 608 623 632 634 649 667 668 727 739 740 745 753 755 808 843 856 857 997 1002 1024 1027 1028 1038 1061 1089 1110 1169 1222 1262 1264 1277 1285 1296 1299 1303 1311 1452 1458 1469 1472 1524 1578 1583 1661 1719 1760 1761 1771 1781 1946 1957 2183 2211 2213 2230 2278 2281 2299 2389 2445 2560 2562 2643 2647 2659 2777 2789 2884 2925 2936 2972 2991 2993 2995 3017 3042 3052 3063 3069 3103 3132 3144 3149 3153 3206 3208 3222 3233 3267 3315 3351 3370 3373 3378 3390 3395 3433 3441 3453 3461 3475 3476 3482 3484 3489 3532 3541 3547 3566 3569 3575 3582 3598 3600 3612 3613 3637 3641 3648 3650 3654 
118 14 16 23 25 30 34 39 47 48 112 126 148 155 200 219 237 242 252 253 254 261 310 318 337 348 376 441 447 458 473 554 560 570 580 641 663 728 731 871 924 931 1018 1687 1739 1761 1818 1829 2151 2388 
119 8 60 66 197 218 405 435 448 858 971 984 1061 1082 1248 1562 1569 1746 1917 2659 2809 2825 2969 3089 3145 3222 3317 3433 3434 3453 3463 3482 3485 3490 3500 3524 3533 3610 3623 3635 3638 3642 
120 12 79 106 131 151 186 315 549 564 681 739 854 984 993 1006 1258 1957 2304 2398 2600 2647 2719 2850 2966 2990 3195 3277 3368 3390 3433 3449 3456 3462 3485 3487 3490 3529 3533 3542 3557 3612 3630 3635 3643 
121 12 38 54 71 79 124 131 164 165 168 171 174 184 186 190 200 209 216 260 364 397 430 515 526 534 535 608 631 667 668 697 813 1042 1222 1289 1349 1650 
